U1 LOWER OLDFIELD PARK - UNIVERSITY OF BATH
Notes:
Oldfield Park, Junction Road 0446 0546 0646 0656 0706 0716 0726 0736 0744 0752 0759 0806 0813 0820 0827 0834 0841 0848 0855 0902 0909 0916 0923 0930 0937 0944 0951 0958 1005 1012 1019 1026 1033 1040 1047 1054 1102 1109 1117 1124 1132 1139 1147 1154 1202 1209 1217 1224 1232 1239 1247 1254 1302 1309 1317 1324 1332 1339 1347 1354 1402 1409 1417 1424 1432 1439 1447 1454 1502 1509 1516 1523 1530 1538 1547 1554 1601 1608 1617 1624 1631 1639 1646 1654 1701 1709 1716 1724 1731 1739 1746 1754 1801 1809 1815 1822 1827 1833 1840 1848 1855 1903 1910 1918 1925 1933 1943 1950 1958 2005 2013 2020 2028 2035 2043 2050 2105 2120 2135 2150 2205 2220 2235 2250 2305 2316 2331 2338 2346 0001 0016 0031 0046 0101 0116 0131 0146 0201 0216 0231 0246 0301 0346
Bath City Centre, Dorchester Street Bn 0453 0553 0654 0704 0714 0724 0734 0747 0751 0755 0759 0803 0807 0810 0814 0817 0821 0824 0829 0834 0837 0841 0845 0848 0852 0855 0859 0902 0902 0907 0909 0912 0916 0919 0923 0926 0930 0933 0937 0940 0944 0947 0951 0954 0958 1001 1005 1008 1012 1015 1019 1022 1026 1029 1033 1036 1042 1049 1056 1103 1111 1118 1126 1133 1141 1148 1156 1203 1211 1218 1226 1233 1241 1248 1256 1303 1311 1318 1326 1333 1341 1348 1356 1403 1411 1418 1426 1433 1441 1448 1456 1503 1511 1518 1525 1532 1539 - 1547 1556 1603 1610 1617 1626 1633 1640 1648 1655 1703 1710 1718 1725 1733 1740 1748 1755 1803 1809 1817 1823 1830 1835 1841 1848 1856 1903 1911 1918 1926 1932 1940 1950 1957 2005 2012 2020 2027 2042 2057 2112 2127 2142 2157 2212 2227 2242 2257 2312 2323 2338 2353 0008 0023 0038 0053 0108 0123 0138 0153 0208 0223 0238 0308 0353
University of Bath, University of Bath dep 0530 0630 0717 0725 0738 0745 0759 0812 0811 0819 0819 0826 0825 0833 0832 0840 0839 0846 0847 0852 0855 0859 0904 0906 0911 0913 0918 0920 0921 0927 0928 0934 0935 0941 0942 0948 0949 0955 0956 1002 1003 1009 1010 1016 1017 1023 1024 1030 1031 1038 1039 1045 1046 1053 1053 1100 1108 1115 1123 1130 1138 1145 1153 1200 1208 1215 1223 1230 1238 1245 1253 1300 1308 1315 1323 1330 1338 1345 1353 1400 1408 1415 1423 1430 1438 1445 1452 1459 1506 1503 1514 1510 1521 1518 1528 1524 1535 1531 1542 1539 1549 1546 1555 1552 1600 1558 1604 1608 1612 1615 1619 1623 1627 1630 1634 1638 1642 1645 1649 1653 1657 1700 1704 1708 1712 1715 1719 1723 1727 1730 1734 1738 1742 1745 1749 1753 1757 1800 1804 1808 1812 1815 1819 1823 1826 1830 1838 1845 1853 1900 1908 1915 1923 1930 1934 1938 1945 1953 2000 2008 2015 2023 2030 2045 2100 2115 2130 2145 2200 2215 2230 2245 2300 2315 2322 2330 2345 0000 0015 0030 0045 0100 0115 0130 0145 0200 0215 0230 0245 0300 0330 0430
Bath City Centre, Dorchester Street Bh dep 0539 0639 0728 0736 0751 0758 0812 0825 0824 0832 0832 0839 0838 0846 0845 0853 0852 0900 0900 0907 0908 0914 0917 0921 0924 0928 0931 0935 0934 0942 0941 0949 0948 0956 0955 1003 1002 1010 1009 1017 1016 1024 1023 1031 1030 1038 1037 1045 1044 1053 1052 1100 1059 1108 1106 1115 1123 1130 1138 1145 1153 1200 1208 1215 1223 1230 1238 1245 1253 1300 1308 1315 1323 1330 1338 1345 1353 1400 1408 1415 1423 1430 1438 1445 1453 1500 1507 1514 1521 1529 1538 1545 1552 1559 1606 1613 1620 - 1628 1635 1643 1650 1658 1705 1713 1720 1728 1735 1743 1750 1758 1805 1813 1818 1824 1831 1839 1846 1854 1901 1909 1916 1924 1929 1935 1942 1946 1950 1957 2005 2012 2020 2027 2035 2042 2057 2112 2127 2142 2157 2212 2227 2242 2257 2309 2324 2331 2339 2354 0009 0024 0039 0054 0109 0124 0139 0154 0209 0224 0239 0254 0309 0339 0439
End.









