U18 OLDFIELD PARK - UNIVERSITY OF BATH
Notes:
University of Bath 0725 0730 0745 0755 0804 0813
Bathwick Hill, Youth Hostel 0729 0740 0750 0800 0809 0818
City Centre, North Parade 0735 0747 0757 0807 0816 0825
Manvers Street Bg
Lower Bristol Road 0655 0705 0715 0725 0731 0740 0747 0752 0802 0812 0821 0830
Lower Oldfield Park, dep 0700 0710 0720 0730 0736 0746 0753 0801 0808 0816 0825 0834
City Centre, Corn Street 0707 0717 0727 0737 0743 0749 0755 0802 0810 0817 0822 0827 0836 0845
City Centre, High Street 0711 0721 0731 0741 0747 0756 0800 0807 0815 0822 0829 0832 0841 0850
Bathwick Hill, Youth Hostel2 0717 0727 0737 0747 0753 0804 0808 0815 0823 0830 0837 0840 0849 0853 0858
University of Bath2 0721 0731 0741 0751 0757 0810 0814 0821 0829 0836 0843 0846 0855 0859 0904
Notes:
University of Bath 0820 0822 0831 0840 0849 0846 0858 0904 0907 0916
Bathwick Hill, Youth Hostel 0825 0827 0836 0845 0854 0851 0903 0909 0912 0921
City Centre, North Parade 0832 0834 0843 0852 0901 0858 0910 0916 0919 0928
Manvers Street Bg 0836 0902 0920
Lower Bristol Road 0839 0848 0857 0906 0915 0924 0933
Lower Oldfield Park, dep 0843 0852 0901 0910 0919 0928 0937
City Centre, Corn Street 0841 0854 0903 0912 0921 0907 0930 0925 0939 0948
City Centre, High Street 0846 0859 0908 0917 0926 0912 0935 0930 0944 0953
Bathwick Hill, Youth Hostel2 0854 0907 0908 0916 0923 0925 0934 0920 0938 0943 0938 0952 0953 1001 1008
University of Bath2 0900 0913 0914 0922 0929 0931 0940 0926 0944 0949 0944 0958 0959 1007 1014
Notes:
University of Bath 0925 0934 0928 0943 0949 0952 1001 1008 1010 1019 1028 1033
Bathwick Hill, Youth Hostel 0930 0939 0932 0947 0953 0956 1005 1012 1014 1023 1032 1037
City Centre, North Parade 0937 0946 0938 0953 0959 1002 1011 1018 1020 1029 1038 1043
Manvers Street Bg 0942 1003 1022 1047
Lower Bristol Road 0942 0951 0958 1007 1016 1025 1034 1043
Lower Oldfield Park, dep 0946 0955 1004 1013 1022 1031 1040 1049
City Centre, Corn Street 0957 1006 0947 1013 1008 1022 1031 1027 1040 1049 1058 1052
City Centre, High Street 1002 1011 0952 1018 1013 1027 1036 1032 1045 1054 1103 1057
Bathwick Hill, Youth Hostel2 1010 1019 1000 1023 1026 1021 1035 1038 1044 1053 1040 1053 1102 1111 1105
University of Bath2 1016 1025 1006 1029 1032 1027 1041 10441050 1059 1046 1059 1108 1117 1111
Notes:
University of Bath 1037 1046 1052 1055 1104 1113 1122 1131 1140 1149 1158 1207 1216 1225 1234
Bathwick Hill, Youth Hostel 1041 1050 1056 1059 1108 1117 1126 1135 1144 1153 1202 1211 1220 1229 1238
City Centre, North Parade 1047 1056 1102 1105 1114 1123 1132 1141 1150 1159 1208 1217 1226 1235 1244
Manvers Street Bg 1106
Lower Bristol Road 1052 1101 1110 1119 1128 1137 1146 1155 1204 1213 1222 1231 1240 1249
Lower Oldfield Park, dep 1058 1107 1116 1125 1134 1143 1152 1201 1210 1219 1228 1237 1246 1255
City Centre, Corn Street 1107 1116 1111 1125 1134 1143 1152 1201 1210 1219 1228 1237 1246 1255 1304
City Centre, High Street 1112 1121 1116 1130 1139 1148 1157 1206 1215 1224 1233 1242 1251 1300 1309
Bathwick Hill, Youth Hostel2 1120 1129 1124 1138 1147 1156 1205 1214 1223 1232 1241 1250 1259 1308 1317
University of Bath2 1126 1135 1130 1144 1153 1202 1211 1220 1229 1238 1247 1256 1305 1314 1323
Notes:
University of Bath 1243 1252 1301 1310 1319 1328 1337 1346 1355 1404 1413 1422 1431 1440 1449
Bathwick Hill, Youth Hostel 1247 1256 1305 1314 1323 1332 1341 1350 1359 1408 1417 1426 1435 1444 1453
City Centre, North Parade 1253 1302 1311 1320 1329 1338 1347 1356 1405 1414 1423 1432 1441 1450 1459
Manvers Street Bg
Lower Bristol Road 1258 1307 1316 1325 1334 1343 1352 1401 1410 1419 1428 1437 1446 1455 1504
Lower Oldfield Park, dep 1304 1313 1322 1331 1340 1349 1358 1407 1416 1425 1434 1443 1452 1501 1510
City Centre, Corn Street 1313 1322 1331 1340 1349 1358 1407 1416 1425 1434 1443 1452 1501 1510 1519
City Centre, High Street 1318 1327 1336 1345 1354 1403 1412 1421 1430 1439 1448 1457 1506 1515 1524
Bathwick Hill, Youth Hostel2 1326 1335 1344 1353 1402 1411 1420 1429 1438 1447 1456 1505 1514 1523 1532
University of Bath2 1332 1341 1350 1359 1408 1417 1426 1435 1444 1453 1502 1511 1520 1529 1538
Notes:
University of Bath 1458 1507 1516 1519 1525 1534 1539 1543 1548 1552 1559 1603 1608 1617 1623
Bathwick Hill, Youth Hostel 1502 1511 1520 1523 1529 1538 1543 1547 1552 1556 1603 1608 1612 1621 1628
City Centre, North Parade 1508 1517 1526 1529 1535 1544 1549 1553 1558 1602 1610 1615 1619 1628 1635
Manvers Street Bg 1533 1553 1619 1639
Lower Bristol Road 1513 1522 1531 1540 1549 1558 1603 1607 1620 1629 1638
Lower Oldfield Park, dep 1519 1528 1537 1546 1555 1604 1609 1613 1624 1633 1642
City Centre, Corn Street 1528 1537 1546 1538 1555 1604 1558 1613 1618 1622 1630 1624 1639 1648 1644
City Centre, High Street 1533 1542 1551 1543 1600 1609 1603 1618 1623 1627 1639 1629 1648 1657 1649
Bathwick Hill, Youth Hostel2 1541 1550 1559 1551 1608 1617 1611 1626 1631 1635 1646 1637 1655 1704 1657
University of Bath2 1547 1556 1605 1557 1614 1623 1617 1632 1637 1641 1651 1643 1700 1709 1703
Notes:
University of Bath 1626 1635 1640 1645 1650 1655 1704 1709 1713 1722 1731 1735 1738 1742 1749
Bathwick Hill, Youth Hostel 1630 1639 1644 1649 1655 1659 1708 1714 1717 1727 1736 1740 1743 1747 1754
City Centre, North Parade 1637 1646 1651 1656 1702 1706 1715 1721 1724 1734 1743 1747 1750 1754 1801
Manvers Street Bg 1706 1725 1751
Lower Bristol Road 1647 1656 1701 1706 1716 1725 1734 1745 1754 1801 1805 1812
Lower Oldfield Park, dep 1651 1700 1705 1710 1720 1729 1738 1748 1757 1804 1808 1815
City Centre, Corn Street 1657 1706 1711 1716 1711 1726 1735 1730 1744 1753 1802 1756 1809 1813 1820
City Centre, High Street 1706 1715 1720 1725 1716 1735 1744 1735 1753 1802 1811 1801 1818 1822 1829
Bathwick Hill, Youth Hostel2 1713 1722 1727 1732 1724 1742 1751 1743 1800 1809 1818 1809 1825 1829 1836
University of Bath2 1718 1727 1732 1737 1730 1747 1756 1749 1805 1813 1822 1815 1829 1833 1840
Notes:
University of Bath 1754 1758 1809 1816 1821 1825 1830 1834 1838 1843 1852 1902 1905 1912 1918
Bathwick Hill, Youth Hostel 1759 1803 1814 1821 1826 1830 1834 1838 1843 1847 1856 1906 1909 1916 1922
City Centre, North Parade 1806 1810 1821 1828 1833 1837 1843 1847 1850 1856 1905 1912 1918 1925 1931
Manvers Street Bg 1810 1837 1854 1916
Lower Bristol Road 1821 1832 1839 1848 1848 1852 1901 1910 1923 1930 1936
Lower Oldfield Park, dep 1824 1835 1842 1851 1852 1856 1905 1914 1927 1934 1940
City Centre, Corn Street 1815 1829 1840 1847 1842 1856 1902 1906 1859 1915 1924 1921 1937 1950
City Centre, High Street 1820 1838 1849 1856 1847 1905 1906 1910 1904 1919 1928 1926 1941 1954
Bathwick Hill, Youth Hostel2 1828 1845 1856 1903 1855 1912 1912 1916 1912 1925 1934 1934 1947 2000
University of Bath2 1834 1849 1900 1907 1901 1916 1916 1920 1918 1929 1938 1940 1951 2004
Notes:
University of Bath 1922 1925 1935 1941 1945 1955 2005 2008 2010 2015 2025 2035 2045 2055 2105
Bathwick Hill, Youth Hostel 1926 1929 1939 1946 1949 1959 2009 2013 2014 2019 2029 2039 2049 2059 2109
City Centre, North Parade 1932 1938 1948 1953 1958 2008 2018 2020 2023 2028 2038 2048 2058 2108 2118
Manvers Street Bg 1936 1957 2024 2023
Lower Bristol Road 1943 1953 2003 2013 2023 2028 2033 2043 2053 2103 2113 2123
Lower Oldfield Park, dep 1947 1957 2007 2017 2027 2032 2037 2047 2057 2107 2117 2127
City Centre, Corn Street 1941 1957 2007 2017 2027 2037 2047 2105 2125 2135
City Centre, High Street 1946 2001 2011 2021 2031 2041 2051 2109 2129 2139
Bathwick Hill, Youth Hostel2 1954 2007 2017 2027 2037 2047 2057 2115 2135 2145
University of Bath2 2000 2011 2021 2031 2041 2051 2101 2119 2139 2149
Notes:
University of Bath 2120 2140 2200 2220 2240 2300 2320 2340 2400 0020 0040 0100 0120 0140 0200
Bathwick Hill, Youth Hostel 2124 2144 2204 2224 2244 2304 2324 2344 0004 0024 0044 0104 0124 0144 0204
City Centre, North Parade 2133 2153 2213 2233 2253 2313 2333 2353 0013 0033 0053 0113 0133 0153 0213
Manvers Street Bg
Lower Bristol Road 2138 2158 2218 2238 2258 2318 2338 2358 0018 0038 0058 0118 0138 0158 0218
Lower Oldfield Park, dep 2140 2200 2220 2240 2300 2320 2340 2400 0020 0040 0100 0120 0140 0200 0220
City Centre, Corn Street 2150 2210 2230 2250 2310 2330 2350 0010 0030 0050 0110 0130 0150 0210 0230
City Centre, High Street 2154 2214 2234 2254 2314 2334 2354 0014 0034 0054 0114 0134 0154 0214 0234
Bathwick Hill, Youth Hostel2 2200 2220 2240 2300 2320 2340 2400 0020 0040 0100 0120 0140 0200 0220 0240
University of Bath2 2203 2223 2243 2303 2323 2343 0003 0023 0043 0103 0123 0143 0203 0223 0243
Notes:
University of Bath 0220 0240 0300
Bathwick Hill, Youth Hostel 0224 0244 0304
City Centre, North Parade 0233 0253 0313
Manvers Street Bg
Lower Bristol Road 0238 0258 0318
Lower Oldfield Park, dep 0240 0300 0320
City Centre, Corn Street 0250 0310 0330
City Centre, High Street 0254 0314 0334
Bathwick Hill, Youth Hostel2 0300 0320 0340
University of Bath2 0303 0323 0343
End.