U18 OLDFIELD PARK - UNIVERSITY OF BATH
Notes:
University of Bath 0730 0750 0810 0830 0850 0910 0930 0950 1010 1030 1050 1110 1130
Bathwick Hill 0734 0754 0814 0834 0854 0914 0934 0954 1014 1034 1054 1114 1134
City Centre, North Parade 0740 0800 0820 0840 0900 0920 0940 1000 1020 1040 1100 1120 1140
Lower Bristol Road 0703	0723 0743 0803 0823 0843 0903 0923 0943 1003 1023 1043 1103 1123 1143
Lower Oldfield Park, dep 0708 0728 0748 0808 0828 0848 0908 0928 0948 1008 1028 1048 1108 1128 1148
City Centre, High Street 0720 0740 0800 0820 0840 0900 0920	0940 1000 1020 1040 1100 1120 1140 1200
Bathwick Hill2 0726 0746 0806 0826 0846 0906 0926 0946 1006 1026 1046 1106 1126 1146 1206
University of Bath2 0730 0750 0810 0830 0850 0910 0930 0950 1010 1030 1050 1110 1130 1150 1210
Notes:
University of Bath 1150 1210 1230 1250 1310 1330 1350 1410 1430 1450 1510 1530 1550 1610 1630
Bathwick Hill 1154 1214 1234 1254 1314 1334 1354 1414 1434 1454 1514 1534 1554 1614 1634
City Centre, North Parade 1200 1220 1240 1300 1320 1340 1400 1420 1440 1500 1520 1540 1600 1620 1640
Lower Bristol Road1203 1223 1243 1303 1323 1343 1403 1423 1443 1503 1523 1543 1603 1623 1643
Lower Oldfield Park, dep 1208 1228 1248 1308 1328 1348 1408 1428 1448 1508 1528 1548 1608 1628 1648
City Centre, High Street 1220 1240 1300	1320 1340 1400 1420 1440 1500 1520 1540	1600 1620 1640 1700
Bathwick Hill2 1226 1246 1306 1326 1346 1406 1426 1446 1506 1526 1546 1606 1626 1646 1706
University of Bath2 1230 1250 1310 1330 1350 1410 1430 1450 1510 1530 1550 1610 1630 1650 1710
Notes:
University of Bath 1650 1710 1730 1750 1810 1830 1850 1910 1930 1950 2010 2030 2100 2120 2140
Bathwick Hill 1654 1714 1734 1754 1814 1834 1854 1914 1934 1954 2014 2034 2103 2123 2143
City Centre, North Parade 1700 1720 1740 1800 1820 1840 1900 1920 1940 2000 2020 2040 2108 2128 2148
Lower Bristol Road 1703 1723 1743 1803 1823 1843 1903 1923 1943 2003 2023 2043 2111 2131 2151
Lower Oldfield Park, dep 1708 1728 1748 1808 1828 1848 1908 1928 1948 2008 2028 2048 2116 2136 2156
City Centre, High Street 1720 1740 1800 1820 1840 1900 1920 1940 2000 2020 2040 2100 2126 2146 2206
Bathwick Hill2 1726 1746 1806 1826 1846 1906 1926 1946 2006 2026 2046 2106 2131 2151 2211
University of Bath2 1730 1750 1810 1830 1850 1910 1930 1950 2010 2030 2050 2110 2134 2154 2214
Notes:
University of Bath 2200 2220 2240 2300 2320 2340 2400 2340 2400
Bathwick Hill 2203 2223 2243 2303 2323 2343 0003 2343 0003
City Centre, North Parade 2208 2228 2248 2308 2328 2348 0008 2348 0008
Lower Bristol Road 2211 2231 2251 2311 2331 2351 0011 2351 0011
Lower Oldfield Park, dep 2216 2236 2256 2316 2336 2356 0016 2356 0016
City Centre, High Street 2226 2246 2306 2326 2346 0006 0026
Bathwick Hill2 2231 2251 2311 2331 2351 0011 0031
University of Bath2 2234 2254 2314 2334 2354 0014 0034
End.